set B := 1 2 3 4 5 6 7 8 9 10;

set P := 1 2 3 4 5 6;

param p := 
    1  109
    2  94.8
    3  99.5
    4  93.1
    5  97.2
    6  92.9
    7  110
    8  104
    9  102
    10 95.2;

param l :=
    1 100
    2 200
    3 800
    4 100
    5 800
    6 1200;

param f : 1 2 3 4 5 6:=
1  10 10 10 10 10 110
2  7   7   7   7  7    107
3  8   8   8   8   8   108
4  6   6   6   6   106 0
5  7   7   7   7   107 0
6  5   5   5   105 0   0
7  10  10  110 0   0   0
8  8   8   108 0   0   0
9  7   107 0   0   0   0 
10 100 0   0   0   0   0;

